4.480832271574794 -0.6290800778717962
0.13965927577861081 4.75448265921276
-6.430784211504104 -4.328007393203134
-5.6869353077376905 0.44484062550147585
-5.879195881559687 -2.3906282252954805
6.303589355807457 -3.3344490394531023
-4.074257589536242 0.6111276229537417
2.7696010538915985 -0.8848781428345636
4.175514214529507 -2.333179236260675
-0.4817607544035416 9.904967061710275
0.16950567636489144 6.346233922443668
3.3415918720915547 -1.7726593245850297
2.2655228177270414 8.913656047953452
-0.9912657686216741 -3.268695570988389
1.0391334164635815 -1.8920751656553114
-1.632270321509119 -4.2186322560741285
2.7885627811572276 7.0046693941268945
5.508623631879013 -2.745477984075901
-1.6526166861753697 -4.299741236659631
1.0101035917117507 0.033968035378322714
3.6704260076825532 -3.2604876290283715
0.8666088859843208 6.0913882084495885
5.436559196930644 -3.96795896564518
-2.7949008765158476 9.891968606538121
1.9560127934757499 4.731515409423665
-1.5461373448725053 9.973664294711408
-2.4125781473333765 -0.866997669240972
-1.3276583730433507 8.61518557758474
2.974489717739129 1.398300210768756
-1.6085886742871969 -2.5421643689881446
0.20411738248792122 9.19826083060388
-5.9385941955707136 0.033670484426464364
-3.433983152125691 0.1290395089439922
1.717181285524534 6.856960295218813
0.6832327352416228 8.9574778425561
2.9208087949979387 7.450042666436205
0.340998798926996 6.670587968309741
0.01586717352485212 4.50663241668146
-4.1593650020868 1.4963804763469462
3.2446157136266924 0.6184030674130434
-3.509668175703329 -2.24667857736552
-0.7244592547149855 4.4655926226410845
-0.6792145431260774 0.40803527851360943
-4.83962863662647 -3.705353324731944
4.410407940135988 -1.4215406790514193
1.5797206183279913 -2.8658352073481845
2.015911775601018 -2.3525452304381647
5.84362072303397 0.4854549145095941
-0.3854318975975348 4.024696828466726
1.7441668540874178 7.5434685182761125
-1.4092355258524905 8.38955990425354
0.7314869847255125 9.468146055856796
-2.047585078464827 7.588547771698209
-0.658923160132479 -3.404784422185527
2.534323906833989 0.3647446027362462
6.251814858728338 0.2800544069949351
1.4053563216296143 0.6779087386567211
-6.1419155465770015 -0.0015220239728126472
-2.5074291644280224 5.0316478483014615
-6.182399694047883 -1.8985370359132876
-1.1174994433094825 6.5329021501161275
-0.9430941725540609 9.300113023590907
-3.4920184298839465 -2.965843749562767
-5.0212762774661295 1.1217969672208774
2.5269305269426745 -2.368142398048021
-2.4413081533076113 -4.0862635458136145
2.2665407083169296 -2.0373984144398793
-0.5498357016738393 9.140385448513634
1.0838074051691278 6.15036815327143
-2.255579448125393 -0.24418835219948232
-6.092676783466945 0.8530715039512735
-0.14081702196103052 5.356307597816963
-6.278148547489605 -0.23868702325106694
1.7034945777381725 1.4681778550117253
-1.3092914112610385 -1.3114408450635635
-2.3042105910921604 8.169708071927369
4.239235661047155 0.12535227149160133
-3.9329573867287104 -3.034337014847181
2.4237150414034834 -2.1810054877158542
0.41008086876581196 5.620646589444166
-5.617362200701477 -3.1588457607443905
0.4825100538716427 6.467289389483465
-2.7661017233015164 8.478462019327697
4.408296406814255 -2.900098838345936
-0.38220651397131955 8.844968894437365
-1.7111767605445858 -0.6131535070429048
4.72562654653485 -2.4607102681680493
1.134888738486206 5.551703349816245
-4.615848564133056 -4.207290990268556
0.4611328038278306 9.076591033959682
-5.586767951805638 -0.5499048283439567
-2.8264251572669092 1.1543521245784523
-3.1212181386351068 -3.1649106016840562
2.508146107197983 6.2716923491746
-6.256130364248809 0.4160859793350171
6.414192881490515 -3.797304512235266
6.4761046311961445 -0.7316886163679424
4.912186689268143 -1.8489378943602306
-0.6510376880160487 -1.3397984482233445
0.6370820254128677 9.00731314770989
1.525002312591107 0.7577064916412279
4.58642231966969 -3.8323295941515934
2.0451845602549126 0.7580402757332125
-0.1794986522794031 8.025685128202756
0.6253564163466154 5.690338149523267
5.9991542283475745 -4.305672790169916
-1.3925266556232656 -4.412730925203349
-2.425785940210317 9.040697361515615
4.436891757088695 -0.15871211811459496
-2.284577459910127 7.245043687550454
-3.818792600455425 -4.286103119753635
-2.0762970879322102 -0.8507013093325873
1.2118996072867085 8.437572864377076
2.726861772013365 9.37588097818103
-3.169737026103582 -1.2776025043285364
1.565312350913608 5.381134095114104
3.4933881053394646 0.9740285400350399
-2.8438653624813077 -1.4601870645581294
1.4049226545153717 -1.5747905258521269
-0.45222256151404516 8.00906965187368
4.043424776265341 -4.0389979772299345
6.118943855936722 -0.9660273526999099
-3.9471380004522887 -0.2084298892780183
5.564693373812836 -4.195303851157465
-2.1976701173040523 -1.648477736258933
4.623179710309024 -3.5047914049623756
-1.2128099451279972 -4.377897858085725
5.773150322927916 -3.225056211662409
3.6860703525220506 -0.36567245102909185
4.265931244791929 1.4003194462364972
4.994839710884885 -2.7196591159645873
-4.935299691456597 -1.2030646896495578
5.068021960702892 0.9738719220326741
3.6349847552864802 -0.3231671952006747
2.011558761827548 6.523377769598724
-4.7641176256570645 -0.1834011700543825
1.800877638643046 6.237400596184479
-3.9068133106729865 -1.0831492569808014
-5.436072946986262 -2.8568355243140138
4.969088916079823 -1.584741022499111
-5.888374263803167 -1.5247136800626386
-1.5525472251912118 8.028647656248651
3.244659356958598 -0.770967167447487
-2.1038621644844806 -1.0807981152704291
-4.86561101573708 1.0030628583146646
0.9287561290983002 4.287039284365707
2.4037225247690905 -2.0712874522664793
-0.4840422792347845 6.642199541932721
-5.038634021303759 -4.453489184334677
0.7889548261737138 -1.9788872445630112
