3.6196554131826595 2.6226277762152037 -8.991666796027914
9.92614547513956 8.272021352993875 -3.870697614741454
8.922526020350183 1.399015231259531 1137.7740893333182
1.1968329320394773 -6.088101731805655 0.002422847037318314
-6.306704608171989 0.9350915640530886 -230.68637593049186
-4.84453111322847 8.68768536138779 0.35628977409875695
2.922014598429815 -0.2942185247495761 19.03817039975549
0.24327679402293967 7.940899117484889 -0.002423092069825847
-1.9699843931294616 2.272822080617402 1.1825998834987494
6.032169536860664 3.6139144054574217 -12.970566778618403
6.883451452981891 8.923784379244545 -0.9964486489104294
5.950383624232886 7.438448707883435 -1.127954640519099
7.320139332866351 2.223541269620963 -186.99539311641252
-1.220346559961385 1.1818231754637196 1.8593974931487476
6.263084296587362 8.949498301242333 -0.7378281620819088
9.392040917729176 -7.996741590809435 2.8084541574248933
-2.9389642287937656 1.7856997457735666 73.24164778135713
-1.7743048879709207 5.54034260121094 0.015100823604419352
4.604172748634348 -8.564546195363125 0.25411076574698843
-5.54821227827889 -6.3436783217932025 -1.0667451747450467
3.2183627995278457 4.00254073916145 -1.2103077536501665
9.216901959014848 6.6890673523006505 -6.062604705027717
4.266037490801564 1.378990157441912 109.59974638738741
9.15162801894077 -0.7196441354034384 518.3499128022448
-2.3751707435972236 9.644335329711843 0.01907400605538633
-2.677823582780632 9.61541360718595 0.032336180152930286
9.045642510797148 5.095774788250328 -13.857669487150297
-4.275362398133287 -7.701020102059468 -0.2648446741714164
6.487403811039915 -5.019295870055274 3.3981558211981473
4.319742457599862 0.1291715168670553 72.44137761547715
5.327895999391554 -4.629468375592762 2.3087429407436475
-0.3907640320760226 7.792964675690474 -0.008388292995569901
-8.297556626085115 -9.186065833297421 -1.2853441679874824
-6.507173454795961 -7.966187007408585 -0.9160174429776986
3.554829039069123 7.21511465858228 -0.24140917117339555
-5.610383401536665 -3.1502917474805114 -7.611859610490243
-8.824129637042828 9.041592871983418 2.039796787563371
-0.338564332372167 -7.29653018951514 0.007384780019589854
9.061876047087502 5.650062026278174 -9.928866284438454
-5.692604055711314 -6.499920383038626 -1.0793812556374873
-5.142137817275443 9.445205659339734 0.3318600871481589
1.4923034775483028 -8.015500644393207 0.004606463168335081
1.422440164297429 -4.790273937008125 0.015321580672733832
6.891229102130062 2.4851005503883954 -87.70054225585034
7.999487656761509 1.1739290413002585 564.5637158097934
-6.207823475102545 3.471684711851161 16.251454118176724
2.4872449560687357 -1.1823058403726971 4.519355936768201
-7.002111604042991 0.16242312619053934 -324.7187279931015
6.5590423760457455 -9.429978834820307 0.5810959398317227
7.344055133516449 -5.607182990087476 3.6466775534346523
-2.035605860380625 8.833737140516398 0.011041138601109633
4.598646175441068 0.39298984010351745 85.06546482607693
-6.56595681846174 -2.2785712666388758 -28.276588427467008
-6.8077388442916735 0.6387823915231099 -280.2387598441939
-3.4353516104221926 -9.927710211481596 -0.06055830834336758
-8.633152571025205 3.6112897404122712 39.00644175812584
1.119261705091441 9.672331494824324 -0.0004043537557564738
1.0519986104432455 -9.929107758081294 0.00011163029619341363
-2.495773140389119 2.575627084670586 2.260716952754267
-1.7128120429095581 -9.401257511460063 -0.001300976700963071
8.79278258921763 5.3720056006298655 -10.682369474565407
3.2898239063386843 7.725358782551197 -0.1503637067986523
3.8228598669073044 6.786336520348506 -0.3722127497899621
0.48925410885025755 -2.0321490872842363 0.019089332168394285
7.416843608777878 6.751198148411394 -3.030489786734844
-5.8642073392908785 7.487478776667217 1.044698369153919
-2.5758615732687336 4.7462967470969115 0.2655356092719022
5.457239868604651 8.483874946694755 -0.5687400560000817
-9.607256472850874 -3.825641230433847 -23.86284277240657
0.9920753709668677 -6.145822333829991 -5.6907410351864226e-05
-6.173571281093569 -6.096111985925421 -1.6705897809424262
-5.739545649326576 -7.804902301178103 -0.6560441730456374
7.74233253650069 -1.9580950758286164 67.40042940094867
-1.7698784742657363 -6.5318276713518975 -0.00621217544557332
-0.9799755805741732 -2.5617453863372575 0.1591252460453941
-3.592225028635923 -0.6102428581975072 -29.365439687673067
3.208564192211478 -9.241003656997401 0.0630081840651168
-6.448688336174573 -9.713225903707139 -0.5021437392154544
0.6347170920608036 -6.203802395990341 -9.83218646834374e-05
0.6315995502568743 -5.447812738575319 -0.00011628602504646385
-5.179000898305011 -5.643184838575901 -1.1945677438870803
9.341339329161816 -4.456901406092704 14.447087974550604
3.329412910083164 -2.4953758750109145 2.6296833550109673
9.093117717948694 -1.4080894332786364 216.89278928370237
-9.931851251564517 7.504534985333539 5.263634101682775
-6.1095714499893266 -0.7582256542572452 -142.70688487103422
2.6675791798037114 -8.490417950384222 0.04269486940173091
-5.665573970948207 7.761193626869314 0.8366144098230107
-8.720557901378491 -1.7333165821571797 -126.27200380127792
5.56189282072032 -0.36510042056905156 148.42711788847845
-5.747296008138168 -8.877161753880065 -0.45452544486223345
3.4365266772224103 2.79284566350783 -5.792865351028693
6.483003488286585 -1.5770683195718593 61.95589163924705
-8.472395658937618 -2.0712074152834603 -77.7871027855324
-4.424613901712076 -3.7402657589903576 -2.2476198077695506
-0.6058613163531223 2.5673170398336804 -0.47760914707696983
6.948632302479851 -9.173629045688894 0.7518516453629549
-7.77263192474325 -9.605848209621985 -0.923958615622282
-9.204215236951077 -8.079660435934553 -2.556966300982561
-8.62290479830855 5.732875756564281 8.113391591017924
